600
1200
1800
2400
3000
3600
4200
4800
5400
6000
6600
7200
7800
8400
9000
9600
10200
10800
11400
12000
12600
13200
13800
14400
15000
15600
16200
16800
17400
18000
18600
19200
19800
20400
21000
21600
22200
22800
23400
24000
24600
25200
25800
26400
27000
27600
28200
28800
29400
30000
30600
31200
31800
32400
33000
33600
34200
34800
35400
36000
36600
37200
37800
38400
39000
39600
40200
40800
41400
42000
42600
43200
43800
44400
45000
45600
46200
46800
47400
48000
48600
49200
49800
50400
51000
51600
52200
52800
53400
54000
54600
55200
55800
56400
57000
57600
58200
58800
59400
60000
60600
61200
61800
